              precision    recall  f1-score   support

           A     0.8713    0.8563    0.8638       174
           B     0.9464    0.8983    0.9217       177
           C     0.8779    0.6425    0.7419       179
           D     0.9619    0.5805    0.7240       174
           E     0.8660    0.9825    0.9205       171
           F     0.8281    0.9138    0.8689       174
           G     0.9932    0.8192    0.8978       177
           H     0.9576    0.6420    0.7687       176
           I     0.6105    0.9106    0.7309       179
           J     0.7131    0.9775    0.8246       178
           K     0.4124    0.8295    0.5509       176
           L     0.9663    0.9663    0.9663       178
           M     0.9000    0.7500    0.8182       168
           N     0.7302    0.9128    0.8114       172
           O     0.9017    0.9070    0.9043       172
           P     0.9916    0.6743    0.8027       175
           Q     0.9920    0.7251    0.8378       171
           R     0.9504    0.7614    0.8454       176
           S     1.0000    0.4358    0.6070       179
           T     0.9304    0.6221    0.7456       172
           U     0.7371    0.9884    0.8444       173
           V     0.8586    0.9111    0.8841       180
           W     0.9355    0.9775    0.9560       178
           X     0.7339    0.9828    0.8403       174
           Y     0.9156    0.8011    0.8545       176
           Z     0.9402    0.9886    0.9638       175

    accuracy                         0.8252      4554
   macro avg     0.8662    0.8253    0.8268      4554
weighted avg     0.8661    0.8252    0.8266      4554
